5.010000e+02	1.164165e+00	4.948521e-01	5.659115e+00	5.634367e+00	5.633941e+00	1.870216e-03	5.852793e-04	1.472834e-04	4.028402e+01	
5.020000e+02	1.164949e+00	4.943331e-01	5.650918e+00	5.634175e+00	5.633963e+00	1.822315e-03	5.815137e-04	1.472609e-04	3.703554e+01	
5.030000e+02	1.163925e+00	4.956441e-01	5.648857e+00	5.634205e+00	5.633979e+00	1.793294e-03	5.776991e-04	1.472262e-04	3.394595e+01	
5.040000e+02	1.165025e+00	4.948528e-01	5.649059e+00	5.634284e+00	5.633998e+00	1.774653e-03	5.738896e-04	1.471873e-04	3.107274e+01	
5.050000e+02	1.163519e+00	4.966877e-01	5.650066e+00	5.634378e+00	5.634023e+00	1.759278e-03	5.701647e-04	1.471449e-04	2.842307e+01	
5.060000e+02	1.165048e+00	4.955061e-01	5.651332e+00	5.634478e+00	5.634053e+00	1.748303e-03	5.665235e-04	1.471028e-04	2.599041e+01	
5.070000e+02	1.165900e+00	4.950210e-01	5.652649e+00	5.634580e+00	5.634088e+00	1.738510e-03	5.629984e-04	1.470604e-04	2.376373e+01	
5.080000e+02	1.164989e+00	4.963154e-01	5.653938e+00	5.634683e+00	5.634128e+00	1.728614e-03	5.595925e-04	1.470176e-04	2.173004e+01	
5.090000e+02	1.166121e+00	4.955827e-01	5.655165e+00	5.634785e+00	5.634172e+00	1.720001e-03	5.562743e-04	1.469756e-04	1.987537e+01	
5.100000e+02	1.164814e+00	4.973049e-01	5.656316e+00	5.634887e+00	5.634221e+00	1.709967e-03	5.530477e-04	1.469322e-04	1.818528e+01	
5.110000e+02	1.166312e+00	4.962378e-01	5.657384e+00	5.634989e+00	5.634274e+00	1.700744e-03	5.498661e-04	1.468886e-04	1.664529e+01	
5.120000e+02	1.167156e+00	4.958373e-01	5.658367e+00	5.635089e+00	5.634330e+00	1.690408e-03	5.467249e-04	1.468428e-04	1.524121e+01	
5.130000e+02	1.166457e+00	4.969927e-01	5.659265e+00	5.635189e+00	5.634390e+00	1.678450e-03	5.436081e-04	1.467937e-04	1.395944e+01	
5.140000e+02	1.167520e+00	4.963993e-01	5.660081e+00	5.635287e+00	5.634452e+00	1.666325e-03	5.404843e-04	1.467419e-04	1.278719e+01	
5.150000e+02	1.166549e+00	4.978515e-01	5.660817e+00	5.635385e+00	5.634517e+00	1.652365e-03	5.373572e-04	1.466855e-04	1.171262e+01	
5.160000e+02	1.167878e+00	4.970155e-01	5.661478e+00	5.635481e+00	5.634585e+00	1.638517e-03	5.341987e-04	1.466254e-04	1.072491e+01	
5.170000e+02	1.166583e+00	4.988128e-01	5.662070e+00	5.635577e+00	5.634654e+00	1.622784e-03	5.310235e-04	1.465599e-04	9.814293e+00	
5.180000e+02	1.168226e+00	4.976830e-01	5.662598e+00	5.635671e+00	5.634725e+00	1.607592e-03	5.278057e-04	1.464906e-04	8.972034e+00	
5.190000e+02	1.169139e+00	4.972930e-01	5.663068e+00	5.635765e+00	5.634798e+00	1.591534e-03	5.245600e-04	1.464161e-04	8.190350e+00	
5.200000e+02	1.168568e+00	4.983954e-01	5.663485e+00	5.635857e+00	5.634873e+00	1.574454e-03	5.212900e-04	1.463363e-04	7.462358e+00	
5.210000e+02	1.169641e+00	4.978623e-01	5.663855e+00	5.635949e+00	5.634949e+00	1.557680e-03	5.179865e-04	1.462524e-04	6.781984e+00	
5.220000e+02	1.168908e+00	4.991436e-01	5.664182e+00	5.636041e+00	5.635026e+00	1.539995e-03	5.146658e-04	1.461632e-04	6.143882e+00	
5.230000e+02	1.170156e+00	4.984522e-01	5.664472e+00	5.636131e+00	5.635104e+00	1.522899e-03	5.113180e-04	1.460702e-04	5.543351e+00	
5.240000e+02	1.169258e+00	4.999144e-01	5.664727e+00	5.636221e+00	5.635183e+00	1.504958e-03	5.079623e-04	1.459721e-04	4.976255e+00	
5.250000e+02	1.170687e+00	4.990558e-01	5.664953e+00	5.636310e+00	5.635262e+00	1.487840e-03	5.045869e-04	1.458708e-04	4.438957e+00	
5.260000e+02	1.169630e+00	5.006913e-01	5.665152e+00	5.636399e+00	5.635343e+00	1.469905e-03	5.012129e-04	1.457647e-04	3.928254e+00	
5.270000e+02	1.171240e+00	4.996653e-01	5.665328e+00	5.636487e+00	5.635424e+00	1.452976e-03	4.978265e-04	1.456558e-04	3.441319e+00	
5.280000e+02	1.170040e+00	5.014558e-01	5.665484e+00	5.636575e+00	5.635505e+00	1.435235e-03	4.944497e-04	1.455424e-04	2.975656e+00	
5.290000e+02	1.171819e+00	5.002724e-01	5.665620e+00	5.636663e+00	5.635587e+00	1.418631e-03	4.910667e-04	1.454267e-04	2.529054e+00	
5.300000e+02	1.172774e+00	4.999195e-01	5.665741e+00	5.636750e+00	5.635669e+00	1.401927e-03	4.876930e-04	1.453074e-04	2.099550e+00	
5.310000e+02	1.172432e+00	5.008690e-01	5.665847e+00	5.636836e+00	5.635752e+00	1.385010e-03	4.843325e-04	1.451847e-04	1.685401e+00	
5.320000e+02	1.173444e+00	5.004696e-01	5.665941e+00	5.636923e+00	5.635835e+00	1.368723e-03	4.809792e-04	1.450595e-04	1.285049e+00	
5.330000e+02	1.173083e+00	5.014481e-01	5.666023e+00	5.637009e+00	5.635918e+00	1.352236e-03	4.776434e-04	1.449310e-04	8.971051e-01	
5.340000e+02	1.174136e+00	5.010167e-01	5.666095e+00	5.637094e+00	5.636002e+00	1.336396e-03	4.743186e-04	1.448003e-04	5.203222e-01	
5.350000e+02	1.173774e+00	5.020046e-01	5.666159e+00	5.637179e+00	5.636085e+00	1.320368e-03	4.710144e-04	1.446666e-04	1.535811e-01	
5.360000e+02	1.174851e+00	5.015586e-01	5.666215e+00	5.637264e+00	5.636169e+00	1.304983e-03	4.677238e-04	1.445310e-04	-2.041266e-01	
5.370000e+02	1.174508e+00	5.025356e-01	5.666263e+00	5.637349e+00	5.636252e+00	1.289423e-03	4.644561e-04	1.443925e-04	-5.537110e-01	
5.380000e+02	1.175588e+00	5.020945e-01	5.666306e+00	5.637433e+00	5.636336e+00	1.274485e-03	4.612039e-04	1.442522e-04	-8.959963e-01	
5.390000e+02	1.175282e+00	5.030415e-01	5.666343e+00	5.637518e+00	5.636420e+00	1.259391e-03	4.579758e-04	1.441092e-04	-1.231730e+00	
5.400000e+02	1.176345e+00	5.026244e-01	5.666375e+00	5.637601e+00	5.636504e+00	1.244881e-03	4.547648e-04	1.439646e-04	-1.561592e+00	
5.410000e+02	1.176093e+00	5.035248e-01	5.666403e+00	5.637685e+00	5.636588e+00	1.230239e-03	4.515785e-04	1.438175e-04	-1.886203e+00	
5.420000e+02	1.175000e+00	5.052694e-01	5.666427e+00	5.637768e+00	5.636672e+00	1.215595e-03	4.484158e-04	1.436682e-04	-2.206128e+00	
5.430000e+02	1.176933e+00	5.039908e-01	5.666447e+00	5.637852e+00	5.636755e+00	1.201925e-03	4.452669e-04	1.435180e-04	-2.521887e+00	
5.440000e+02	1.176007e+00	5.055730e-01	5.666464e+00	5.637935e+00	5.636839e+00	1.187733e-03	4.421470e-04	1.433649e-04	-2.833956e+00	
5.450000e+02	1.177794e+00	5.044456e-01	5.666478e+00	5.638017e+00	5.636923e+00	1.174398e-03	4.390422e-04	1.432109e-04	-3.142772e+00	
5.460000e+02	1.177051e+00	5.058513e-01	5.666490e+00	5.638100e+00	5.637006e+00	1.160633e-03	4.359653e-04	1.430544e-04	-3.448740e+00	
5.470000e+02	1.178669e+00	5.048967e-01	5.666500e+00	5.638182e+00	5.637090e+00	1.147606e-03	4.329045e-04	1.428969e-04	-3.752231e+00	
5.480000e+02	1.178110e+00	5.061226e-01	5.666507e+00	5.638264e+00	5.637173e+00	1.134238e-03	4.298704e-04	1.427370e-04	-4.053589e+00	
5.490000e+02	1.179550e+00	5.053508e-01	5.666512e+00	5.638346e+00	5.637256e+00	1.121493e-03	4.268531e-04	1.425761e-04	-4.353133e+00	
5.500000e+02	1.179167e+00	5.064038e-01	5.666516e+00	5.638427e+00	5.637339e+00	1.108491e-03	4.238612e-04	1.424131e-04	-4.651160e+00	
5.510000e+02	1.180428e+00	5.058139e-01	5.666518e+00	5.638509e+00	5.637423e+00	1.096007e-03	4.208866e-04	1.422490e-04	-4.947942e+00	
5.520000e+02	1.180207e+00	5.067086e-01	5.666518e+00	5.638590e+00	5.637505e+00	1.083340e-03	4.179362e-04	1.420830e-04	-5.243735e+00	
5.530000e+02	1.179275e+00	5.083145e-01	5.666517e+00	5.638671e+00	5.637588e+00	1.070664e-03	4.150079e-04	1.419152e-04	-5.538776e+00	
5.540000e+02	1.181219e+00	5.070464e-01	5.666515e+00	5.638752e+00	5.637671e+00	1.058733e-03	4.120936e-04	1.417469e-04	-5.833285e+00	
5.550000e+02	1.180608e+00	5.083343e-01	5.666511e+00	5.638833e+00	5.637753e+00	1.046391e-03	4.092048e-04	1.415764e-04	-6.127467e+00	
5.560000e+02	1.182198e+00	5.074225e-01	5.666506e+00	5.638913e+00	5.637836e+00	1.034625e-03	4.063312e-04	1.414052e-04	-6.421513e+00	
5.570000e+02	1.181852e+00	5.084480e-01	5.666500e+00	5.638994e+00	5.637918e+00	1.022580e-03	4.034813e-04	1.412320e-04	-6.715599e+00	
5.580000e+02	1.183142e+00	5.078380e-01	5.666493e+00	5.639074e+00	5.638000e+00	1.010974e-03	4.006472e-04	1.410580e-04	-7.009891e+00	
5.590000e+02	1.183005e+00	5.086554e-01	5.666484e+00	5.639154e+00	5.638082e+00	9.991926e-04	3.978351e-04	1.408822e-04	-7.304541e+00	
5.600000e+02	1.182309e+00	5.100323e-01	5.666475e+00	5.639234e+00	5.638164e+00	9.874102e-04	3.950429e-04	1.407050e-04	-7.599691e+00	
5.610000e+02	1.184074e+00	5.089494e-01	5.666464e+00	5.639313e+00	5.638245e+00	9.761977e-04	3.922643e-04	1.405274e-04	-7.895470e+00	
5.620000e+02	1.183720e+00	5.099850e-01	5.666452e+00	5.639393e+00	5.638327e+00	9.646790e-04	3.895083e-04	1.403478e-04	-8.192000e+00	
5.630000e+02	1.185069e+00	5.093184e-01	5.666439e+00	5.639472e+00	5.638408e+00	9.535688e-04	3.867672e-04	1.401676e-04	-8.489390e+00	
5.640000e+02	1.184964e+00	5.101064e-01	5.666425e+00	5.639551e+00	5.638489e+00	9.422800e-04	3.840468e-04	1.399857e-04	-8.787742e+00	
5.650000e+02	1.184369e+00	5.113842e-01	5.666409e+00	5.639630e+00	5.638570e+00	9.309928e-04	3.813451e-04	1.398025e-04	-9.087147e+00	
5.660000e+02	1.186073e+00	5.103634e-01	5.666393e+00	5.639709e+00	5.638651e+00	9.201989e-04	3.786568e-04	1.396190e-04	-9.387689e+00	
5.670000e+02	1.185835e+00	5.112848e-01	5.666375e+00	5.639788e+00	5.638732e+00	9.091442e-04	3.759895e-04	1.394338e-04	-9.689442e+00	
5.680000e+02	1.185001e+00	5.128020e-01	5.666356e+00	5.639866e+00	5.638813e+00	8.980712e-04	3.733407e-04	1.392473e-04	-9.992472e+00	
5.690000e+02	1.187077e+00	5.114082e-01	5.666336e+00	5.639945e+00	5.638893e+00	8.875740e-04	3.707041e-04	1.390608e-04	-1.029684e+01	
5.700000e+02	1.186719e+00	5.124494e-01	5.666315e+00	5.640023e+00	5.638973e+00	8.767423e-04	3.680890e-04	1.388724e-04	-1.060259e+01	
5.710000e+02	1.188158e+00	5.116925e-01	5.666293e+00	5.640101e+00	5.639053e+00	8.662864e-04	3.654880e-04	1.386837e-04	-1.090977e+01	
5.720000e+02	1.188102e+00	5.124304e-01	5.666269e+00	5.640179e+00	5.639133e+00	8.556611e-04	3.629068e-04	1.384935e-04	-1.121841e+01	
5.730000e+02	1.187655e+00	5.135592e-01	5.666244e+00	5.640257e+00	5.639213e+00	8.450521e-04	3.603434e-04	1.383023e-04	-1.152856e+01	
5.740000e+02	1.189256e+00	5.126393e-01	5.666218e+00	5.640335e+00	5.639293e+00	8.348465e-04	3.577937e-04	1.381109e-04	-1.184021e+01	
5.750000e+02	1.189167e+00	5.134084e-01	5.666191e+00	5.640412e+00	5.639372e+00	8.244509e-04	3.552642e-04	1.379181e-04	-1.215341e+01	
5.760000e+02	1.188678e+00	5.145775e-01	5.666162e+00	5.640490e+00	5.639452e+00	8.140740e-04	3.527525e-04	1.377243e-04	-1.246815e+01	
5.770000e+02	1.190380e+00	5.135549e-01	5.666132e+00	5.640567e+00	5.639531e+00	8.041114e-04	3.502547e-04	1.375305e-04	-1.278444e+01	
5.780000e+02	1.190287e+00	5.143261e-01	5.666101e+00	5.640644e+00	5.639610e+00	7.939560e-04	3.477773e-04	1.373353e-04	-1.310229e+01	
5.790000e+02	1.189810e+00	5.154811e-01	5.666069e+00	5.640721e+00	5.639689e+00	7.838273e-04	3.453180e-04	1.371393e-04	-1.342168e+01	
5.800000e+02	1.191534e+00	5.144340e-01	5.666035e+00	5.640798e+00	5.639768e+00	7.741054e-04	3.428730e-04	1.369434e-04	-1.374263e+01	
5.810000e+02	1.191467e+00	5.151779e-01	5.666000e+00	5.640875e+00	5.639846e+00	7.642060e-04	3.404486e-04	1.367462e-04	-1.406511e+01	
5.820000e+02	1.191052e+00	5.162679e-01	5.665964e+00	5.640952e+00	5.639925e+00	7.543455e-04	3.380428e-04	1.365482e-04	-1.438913e+01	
5.830000e+02	1.192717e+00	5.152772e-01	5.665927e+00	5.641028e+00	5.640003e+00	7.448675e-04	3.356520e-04	1.363504e-04	-1.471465e+01	
5.840000e+02	1.192697e+00	5.159696e-01	5.665888e+00	5.641105e+00	5.640081e+00	7.352426e-04	3.332820e-04	1.361515e-04	-1.504169e+01	
5.850000e+02	1.192384e+00	5.169549e-01	5.665848e+00	5.641181e+00	5.640160e+00	7.256712e-04	3.309309e-04	1.359520e-04	-1.537021e+01	
5.860000e+02	1.193919e+00	5.160913e-01	5.665808e+00	5.641257e+00	5.640237e+00	7.164457e-04	3.285958e-04	1.357526e-04	-1.570022e+01	
5.870000e+02	1.193963e+00	5.167166e-01	5.665766e+00	5.641333e+00	5.640315e+00	7.071141e-04	3.262817e-04	1.355523e-04	-1.603171e+01	
5.880000e+02	1.193774e+00	5.175744e-01	5.665723e+00	5.641409e+00	5.640393e+00	6.978514e-04	3.239869e-04	1.353515e-04	-1.636467e+01	
5.890000e+02	1.193195e+00	5.188206e-01	5.665679e+00	5.641485e+00	5.640471e+00	6.886398e-04	3.217118e-04	1.351503e-04	-1.669911e+01	
5.900000e+02	1.195244e+00	5.174387e-01	5.665633e+00	5.641561e+00	5.640548e+00	6.798704e-04	3.194523e-04	1.349496e-04	-1.703502e+01	
5.910000e+02	1.195182e+00	5.181646e-01	5.665587e+00	5.641636e+00	5.640625e+00	6.709320e-04	3.172152e-04	1.347478e-04	-1.737244e+01	
5.920000e+02	1.194835e+00	5.191750e-01	5.665540e+00	5.641711e+00	5.640702e+00	6.620642e-04	3.149982e-04	1.345458e-04	-1.771137e+01	
5.930000e+02	1.196517e+00	5.181560e-01	5.665492e+00	5.641787e+00	5.640779e+00	6.535560e-04	3.127980e-04	1.343442e-04	-1.805185e+01	
5.940000e+02	1.196573e+00	5.187605e-01	5.665443e+00	5.641862e+00	5.640856e+00	6.449528e-04	3.106199e-04	1.341418e-04	-1.839394e+01	
5.950000e+02	1.196432e+00	5.195608e-01	5.665394e+00	5.641937e+00	5.640933e+00	6.364355e-04	3.084620e-04	1.339392e-04	-1.873767e+01	
5.960000e+02	1.195976e+00	5.206736e-01	5.665343e+00	5.642012e+00	5.641010e+00	6.279915e-04	3.063244e-04	1.337364e-04	-1.908313e+01	
5.970000e+02	1.197920e+00	5.193865e-01	5.665292e+00	5.642086e+00	5.641086e+00	6.199429e-04	3.042037e-04	1.335343e-04	-1.943041e+01	
5.980000e+02	1.197945e+00	5.200161e-01	5.665240e+00	5.642161e+00	5.641162e+00	6.117765e-04	3.021056e-04	1.333314e-04	-1.977959e+01	
5.990000e+02	1.197770e+00	5.208436e-01	5.665187e+00	5.642236e+00	5.641239e+00	6.036982e-04	3.000277e-04	1.331285e-04	-2.013082e+01	
6.000000e+02	1.197286e+00	5.219790e-01	5.665134e+00	5.642310e+00	5.641315e+00	5.956962e-04	2.979702e-04	1.329254e-04	-2.048422e+01	
6.010000e+02	1.199359e+00	5.205562e-01	5.665080e+00	5.642384e+00	5.641391e+00	5.880944e-04	2.959295e-04	1.327232e-04	-2.083996e+01	
6.020000e+02	1.199387e+00	5.211759e-01	5.665025e+00	5.642458e+00	5.641466e+00	5.803693e-04	2.939112e-04	1.325204e-04	-2.119824e+01	
6.030000e+02	1.199233e+00	5.219759e-01	5.664970e+00	5.642532e+00	5.641542e+00	5.727328e-04	2.919129e-04	1.323175e-04	-2.155926e+01	
6.040000e+02	1.198805e+00	5.230489e-01	5.664914e+00	5.642606e+00	5.641618e+00	5.651744e-04	2.899346e-04	1.321146e-04	-2.192325e+01	
6.050000e+02	1.200839e+00	5.216573e-01	5.664857e+00	5.642679e+00	5.641693e+00	5.579890e-04	2.879728e-04	1.319126e-04	-2.229050e+01	
6.060000e+02	1.200902e+00	5.222350e-01	5.664800e+00	5.642753e+00	5.641768e+00	5.506927e-04	2.860327e-04	1.317101e-04	-2.266128e+01	
6.070000e+02	1.200816e+00	5.229608e-01	5.664742e+00	5.642826e+00	5.641843e+00	5.434829e-04	2.841118e-04	1.315076e-04	-2.303594e+01	
6.080000e+02	1.200509e+00	5.239047e-01	5.664684e+00	5.642899e+00	5.641918e+00	5.363504e-04	2.822100e-04	1.313052e-04	-2.341482e+01	
6.090000e+02	1.202351e+00	5.226985e-01	5.664625e+00	5.642972e+00	5.641993e+00	5.295388e-04	2.803243e-04	1.311037e-04	-2.379832e+01	
6.100000e+02	1.202469e+00	5.232137e-01	5.664565e+00	5.643045e+00	5.642068e+00	5.226420e-04	2.784589e-04	1.309017e-04	-2.418687e+01	
6.110000e+02	1.202476e+00	5.238383e-01	5.664504e+00	5.643118e+00	5.642143e+00	5.158264e-04	2.766115e-04	1.306999e-04	-2.458092e+01	
6.120000e+02	1.202324e+00	5.246200e-01	5.664443e+00	5.643190e+00	5.642217e+00	5.090845e-04	2.747820e-04	1.304981e-04	-2.498099e+01	
6.130000e+02	1.201945e+00	5.256262e-01	5.664381e+00	5.643263e+00	5.642291e+00	5.024070e-04	2.729701e-04	1.302965e-04	-2.538762e+01	
6.140000e+02	1.204050e+00	5.241471e-01	5.664318e+00	5.643335e+00	5.642365e+00	4.960585e-04	2.711723e-04	1.300960e-04	-2.580137e+01	
6.150000e+02	1.204154e+00	5.246664e-01	5.664253e+00	5.643407e+00	5.642439e+00	4.895915e-04	2.693932e-04	1.298949e-04	-2.622286e+01	
6.160000e+02	1.204154e+00	5.252881e-01	5.664188e+00	5.643478e+00	5.642513e+00	4.831918e-04	2.676304e-04	1.296940e-04	-2.665276e+01	
6.170000e+02	1.204009e+00	5.260521e-01	5.664121e+00	5.643550e+00	5.642587e+00	4.768526e-04	2.658835e-04	1.294932e-04	-2.709176e+01	
6.180000e+02	1.203666e+00	5.270132e-01	5.664052e+00	5.643621e+00	5.642660e+00	4.705660e-04	2.641520e-04	1.292925e-04	-2.754058e+01	
6.190000e+02	1.205795e+00	5.254988e-01	5.663981e+00	5.643691e+00	5.642733e+00	4.645808e-04	2.624329e-04	1.290930e-04	-2.800001e+01	
6.200000e+02	1.205921e+00	5.259868e-01	5.663909e+00	5.643762e+00	5.642807e+00	4.584706e-04	2.607303e-04	1.288929e-04	-2.847084e+01	
6.210000e+02	1.205962e+00	5.265564e-01	5.663834e+00	5.643832e+00	5.642879e+00	4.524152e-04	2.590418e-04	1.286929e-04	-2.895392e+01	
6.220000e+02	1.205891e+00	5.272362e-01	5.663757e+00	5.643902e+00	5.642952e+00	4.464092e-04	2.573670e-04	1.284931e-04	-2.945013e+01	
6.230000e+02	1.205670e+00	5.280644e-01	5.663676e+00	5.643971e+00	5.643024e+00	4.404472e-04	2.557055e-04	1.282934e-04	-2.996036e+01	
6.240000e+02	1.207580e+00	5.267588e-01	5.663592e+00	5.644040e+00	5.643097e+00	4.347326e-04	2.540546e-04	1.280947e-04	-3.048558e+01	
6.250000e+02	1.207749e+00	5.271915e-01	5.663505e+00	5.644108e+00	5.643169e+00	4.289126e-04	2.524178e-04	1.278955e-04	-3.102675e+01	
6.260000e+02	1.207861e+00	5.276799e-01	5.663414e+00	5.644176e+00	5.643240e+00	4.231382e-04	2.507931e-04	1.276964e-04	-3.158488e+01	
6.270000e+02	1.207898e+00	5.282414e-01	5.663318e+00	5.644243e+00	5.643312e+00	4.174058e-04	2.491800e-04	1.274975e-04	-3.216103e+01	
6.280000e+02	1.207836e+00	5.288980e-01	5.663217e+00	5.644310e+00	5.643383e+00	4.117116e-04	2.475781e-04	1.272988e-04	-3.275630e+01	
6.290000e+02	1.207650e+00	5.296782e-01	5.663110e+00	5.644375e+00	5.643453e+00	4.060514e-04	2.459872e-04	1.271001e-04	-3.337183e+01	
6.300000e+02	1.209589e+00	5.283298e-01	5.662997e+00	5.644440e+00	5.643523e+00	4.006172e-04	2.444046e-04	1.269023e-04	-3.400885e+01	
6.310000e+02	1.209774e+00	5.287340e-01	5.662877e+00	5.644504e+00	5.643593e+00	3.950711e-04	2.428337e-04	1.267041e-04	-3.466866e+01	
6.320000e+02	1.209914e+00	5.291795e-01	5.662749e+00	5.644567e+00	5.643662e+00	3.895592e-04	2.412726e-04	1.265060e-04	-3.535266e+01	
6.330000e+02	1.210000e+00	5.296776e-01	5.662613e+00	5.644628e+00	5.643731e+00	3.840785e-04	2.397208e-04	1.263080e-04	-3.606236e+01	
6.340000e+02	1.210018e+00	5.302416e-01	5.662468e+00	5.644689e+00	5.643800e+00	3.786258e-04	2.381780e-04	1.261100e-04	-3.679945e+01	
6.350000e+02	1.209951e+00	5.308880e-01	5.662312e+00	5.644748e+00	5.643867e+00	3.731987e-04	2.366437e-04	1.259122e-04	-3.756577e+01	
6.360000e+02	1.209779e+00	5.316370e-01	5.662144e+00	5.644805e+00	5.643934e+00	3.677961e-04	2.351177e-04	1.257144e-04	-3.836337e+01	
6.370000e+02	1.211846e+00	5.301448e-01	5.661965e+00	5.644861e+00	5.644000e+00	3.626132e-04	2.335974e-04	1.255176e-04	-3.919453e+01	
6.380000e+02	1.212038e+00	5.305251e-01	5.661772e+00	5.644915e+00	5.644066e+00	3.573158e-04	2.320865e-04	1.253201e-04	-4.006177e+01	
6.390000e+02	1.212197e+00	5.309353e-01	5.661565e+00	5.644967e+00	5.644130e+00	3.520649e-04	2.305832e-04	1.251228e-04	-4.096790e+01	
6.400000e+02	1.212318e+00	5.313821e-01	5.661345e+00	5.645017e+00	5.644193e+00	3.468716e-04	2.290873e-04	1.249255e-04	-4.191602e+01	
6.410000e+02	1.212392e+00	5.318729e-01	5.661110e+00	5.645064e+00	5.644256e+00	3.417487e-04	2.275991e-04	1.247283e-04	-4.290948e+01	
6.420000e+02	1.212411e+00	5.324167e-01	5.660862e+00	5.645109e+00	5.644317e+00	3.367097e-04	2.261186e-04	1.245312e-04	-4.395195e+01	
6.430000e+02	1.212364e+00	5.330234e-01	5.660602e+00	5.645151e+00	5.644377e+00	3.317667e-04	2.246460e-04	1.243342e-04	-4.504734e+01	
6.440000e+02	1.212241e+00	5.337047e-01	5.660330e+00	5.645191e+00	5.644435e+00	3.269292e-04	2.231816e-04	1.241374e-04	-4.619977e+01	
6.450000e+02	1.214365e+00	5.321355e-01	5.660050e+00	5.645229e+00	5.644492e+00	3.223884e-04	2.217233e-04	1.239415e-04	-4.741348e+01	
6.460000e+02	1.214570e+00	5.324829e-01	5.659764e+00	5.645264e+00	5.644548e+00	3.178181e-04	2.202749e-04	1.237451e-04	-4.869275e+01	
6.470000e+02	1.214755e+00	5.328489e-01	5.659475e+00	5.645297e+00	5.644602e+00	3.133705e-04	2.188347e-04	1.235488e-04	-5.004169e+01	
6.480000e+02	1.214915e+00	5.332364e-01	5.659189e+00	5.645328e+00	5.644654e+00	3.090454e-04	2.174027e-04	1.233528e-04	-5.146406e+01	
6.490000e+02	1.215048e+00	5.336487e-01	5.658910e+00	5.645359e+00	5.644705e+00	3.048414e-04	2.159789e-04	1.231568e-04	-5.296299e+01	
6.500000e+02	1.215150e+00	5.340893e-01	5.658645e+00	5.645389e+00	5.644754e+00	3.007573e-04	2.145634e-04	1.229611e-04	-5.454062e+01	
6.510000e+02	1.215217e+00	5.345621e-01	5.658397e+00	5.645419e+00	5.644802e+00	2.967919e-04	2.131563e-04	1.227656e-04	-5.619764e+01	
6.520000e+02	1.215246e+00	5.350711e-01	5.658175e+00	5.645450e+00	5.644848e+00	2.929450e-04	2.117583e-04	1.225703e-04	-5.793268e+01	
6.530000e+02	1.215231e+00	5.356207e-01	5.657980e+00	5.645481e+00	5.644894e+00	2.892172e-04	2.103698e-04	1.223753e-04	-5.974157e+01	
6.540000e+02	1.215169e+00	5.362154e-01	5.657817e+00	5.645515e+00	5.644938e+00	2.856107e-04	2.089922e-04	1.221805e-04	-6.161641e+01	
6.550000e+02	1.217380e+00	5.345345e-01	5.657688e+00	5.645551e+00	5.644982e+00	2.823085e-04	2.076247e-04	1.219870e-04	-6.354449e+01	
6.560000e+02	1.217597e+00	5.348447e-01	5.657590e+00	5.645589e+00	5.645025e+00	2.789870e-04	2.062733e-04	1.217932e-04	-6.550732e+01	
6.570000e+02	1.217802e+00	5.351637e-01	5.657523e+00	5.645628e+00	5.645068e+00	2.758066e-04	2.049386e-04	1.216000e-04	-6.748006e+01	
6.580000e+02	1.217996e+00	5.354922e-01	5.657479e+00	5.645669e+00	5.645111e+00	2.727756e-04	2.036238e-04	1.214075e-04	-6.943179e+01	
6.590000e+02	1.218177e+00	5.358310e-01	5.657455e+00	5.645712e+00	5.645153e+00	2.699030e-04	2.023321e-04	1.212159e-04	-7.132709e+01	
6.600000e+02	1.218344e+00	5.361808e-01	5.657441e+00	5.645755e+00	5.645196e+00	2.671963e-04	2.010671e-04	1.210253e-04	-7.312916e+01	
6.610000e+02	1.218497e+00	5.365421e-01	5.657433e+00	5.645798e+00	5.645239e+00	2.646608e-04	1.998320e-04	1.208359e-04	-7.480390e+01	
6.620000e+02	1.218635e+00	5.369156e-01	5.657424e+00	5.645841e+00	5.645281e+00	2.622981e-04	1.986295e-04	1.206479e-04	-7.632415e+01	
6.630000e+02	1.218759e+00	5.373017e-01	5.657409e+00	5.645883e+00	5.645324e+00	2.601055e-04	1.974616e-04	1.204614e-04	-7.767274e+01	
6.640000e+02	1.218866e+00	5.377008e-01	5.657385e+00	5.645924e+00	5.645367e+00	2.580762e-04	1.963293e-04	1.202764e-04	-7.884352e+01	
6.650000e+02	1.218958e+00	5.381131e-01	5.657353e+00	5.645965e+00	5.645409e+00	2.561996e-04	1.952327e-04	1.200931e-04	-7.984042e+01	
6.660000e+02	1.219034e+00	5.385385e-01	5.657310e+00	5.646003e+00	5.645452e+00	2.544633e-04	1.941710e-04	1.199114e-04	-8.067516e+01	
6.670000e+02	1.219094e+00	5.389770e-01	5.657260e+00	5.646041e+00	5.645494e+00	2.528534e-04	1.931427e-04	1.197313e-04	-8.136434e+01	
6.680000e+02	1.219140e+00	5.394284e-01	5.657202e+00	5.646078e+00	5.645535e+00	2.513561e-04	1.921461e-04	1.195528e-04	-8.192685e+01	
6.690000e+02	1.219170e+00	5.398918e-01	5.657138e+00	5.646113e+00	5.645576e+00	2.499582e-04	1.911791e-04	1.193758e-04	-8.238182e+01	
6.700000e+02	1.221603e+00	5.379504e-01	5.657071e+00	5.646148e+00	5.645617e+00	2.488264e-04	1.902373e-04	1.192012e-04	-8.274727e+01	
6.710000e+02	1.221830e+00	5.382121e-01	5.657000e+00	5.646182e+00	5.645658e+00	2.476077e-04	1.893227e-04	1.190272e-04	-8.303934e+01	
6.720000e+02	1.222054e+00	5.384745e-01	5.656929e+00	5.646216e+00	5.645697e+00	2.464564e-04	1.884314e-04	1.188545e-04	-8.327199e+01	
6.730000e+02	1.222275e+00	5.387372e-01	5.656856e+00	5.646248e+00	5.645737e+00	2.453641e-04	1.875616e-04	1.186832e-04	-8.345700e+01	
6.740000e+02	1.222494e+00	5.390002e-01	5.656784e+00	5.646280e+00	5.645776e+00	2.443238e-04	1.867114e-04	1.185131e-04	-8.360409e+01	
6.750000e+02	1.222710e+00	5.392630e-01	5.656713e+00	5.646312e+00	5.645814e+00	2.433295e-04	1.858796e-04	1.183441e-04	-8.372116e+01	
6.760000e+02	1.222924e+00	5.395253e-01	5.656643e+00	5.646343e+00	5.645852e+00	2.423760e-04	1.850647e-04	1.181764e-04	-8.381459e+01	
6.770000e+02	1.223136e+00	5.397869e-01	5.656574e+00	5.646374e+00	5.645889e+00	2.414593e-04	1.842657e-04	1.180098e-04	-8.388944e+01	
6.780000e+02	1.223347e+00	5.400474e-01	5.656507e+00	5.646404e+00	5.645926e+00	2.405756e-04	1.834815e-04	1.178442e-04	-8.394974e+01	
6.790000e+02	1.223558e+00	5.403063e-01	5.656442e+00	5.646433e+00	5.645962e+00	2.397218e-04	1.827114e-04	1.176797e-04	-8.399864e+01	
6.800000e+02	1.223767e+00	5.405633e-01	5.656379e+00	5.646463e+00	5.645998e+00	2.388955e-04	1.819546e-04	1.175162e-04	-8.403864e+01	
6.810000e+02	1.223977e+00	5.408178e-01	5.656317e+00	5.646492e+00	5.646033e+00	2.380944e-04	1.812105e-04	1.173538e-04	-8.407168e+01	
6.820000e+02	1.224187e+00	5.410696e-01	5.656258e+00	5.646520e+00	5.646068e+00	2.373167e-04	1.804784e-04	1.171923e-04	-8.409926e+01	
6.830000e+02	1.224397e+00	5.413182e-01	5.656200e+00	5.646549e+00	5.646102e+00	2.365607e-04	1.797580e-04	1.170318e-04	-8.412257e+01	
6.840000e+02	1.224609e+00	5.415633e-01	5.656144e+00	5.646576e+00	5.646136e+00	2.358250e-04	1.790488e-04	1.168723e-04	-8.414254e+01	
6.850000e+02	1.224823e+00	5.418042e-01	5.656090e+00	5.646604e+00	5.646169e+00	2.351086e-04	1.783504e-04	1.167138e-04	-8.415987e+01	
6.860000e+02	1.225038e+00	5.420410e-01	5.656038e+00	5.646631e+00	5.646202e+00	2.344102e-04	1.776624e-04	1.165561e-04	-8.417511e+01	
6.870000e+02	1.225255e+00	5.422732e-01	5.655987e+00	5.646658e+00	5.646235e+00	2.337290e-04	1.769846e-04	1.163994e-04	-8.418871e+01	
6.880000e+02	1.225475e+00	5.425002e-01	5.655937e+00	5.646685e+00	5.646267e+00	2.330641e-04	1.763167e-04	1.162437e-04	-8.420099e+01	
6.890000e+02	1.225699e+00	5.427219e-01	5.655890e+00	5.646711e+00	5.646299e+00	2.324147e-04	1.756583e-04	1.160888e-04	-8.421221e+01	
6.900000e+02	1.225924e+00	5.429387e-01	5.655844e+00	5.646737e+00	5.646330e+00	2.317803e-04	1.750094e-04	1.159348e-04	-8.422259e+01	
6.910000e+02	1.226153e+00	5.431498e-01	5.655799e+00	5.646763e+00	5.646361e+00	2.311601e-04	1.743695e-04	1.157817e-04	-8.423226e+01	
6.920000e+02	1.226385e+00	5.433552e-01	5.655755e+00	5.646788e+00	5.646391e+00	2.305536e-04	1.737386e-04	1.156295e-04	-8.424137e+01	
6.930000e+02	1.226621e+00	5.435547e-01	5.655713e+00	5.646813e+00	5.646422e+00	2.299602e-04	1.731164e-04	1.154782e-04	-8.425000e+01	
6.940000e+02	1.226860e+00	5.437485e-01	5.655672e+00	5.646838e+00	5.646451e+00	2.293795e-04	1.725027e-04	1.153278e-04	-8.425822e+01	
6.950000e+02	1.227103e+00	5.439366e-01	5.655632e+00	5.646863e+00	5.646481e+00	2.288110e-04	1.718973e-04	1.151782e-04	-8.426611e+01	
6.960000e+02	1.227349e+00	5.441191e-01	5.655594e+00	5.646887e+00	5.646510e+00	2.282542e-04	1.713001e-04	1.150295e-04	-8.427370e+01	
6.970000e+02	1.227598e+00	5.442961e-01	5.655556e+00	5.646911e+00	5.646538e+00	2.277088e-04	1.707109e-04	1.148816e-04	-8.428103e+01	
6.980000e+02	1.227850e+00	5.444678e-01	5.655520e+00	5.646935e+00	5.646567e+00	2.271743e-04	1.701295e-04	1.147346e-04	-8.428813e+01	
6.990000e+02	1.228105e+00	5.446340e-01	5.655485e+00	5.646959e+00	5.646595e+00	2.266504e-04	1.695558e-04	1.145884e-04	-8.429503e+01	
7.000000e+02	1.228363e+00	5.447954e-01	5.655450e+00	5.646982e+00	5.646622e+00	2.261367e-04	1.689896e-04	1.144430e-04	-8.430173e+01	
7.010000e+02	1.228622e+00	5.449524e-01	5.655417e+00	5.647005e+00	5.646650e+00	2.256329e-04	1.684307e-04	1.142985e-04	-8.430827e+01	
7.020000e+02	1.228884e+00	5.451053e-01	5.655384e+00	5.647028e+00	5.646676e+00	2.251386e-04	1.678791e-04	1.141548e-04	-8.431464e+01	
7.030000e+02	1.229148e+00	5.452538e-01	5.655353e+00	5.647050e+00	5.646703e+00	2.246535e-04	1.673346e-04	1.140119e-04	-8.432087e+01	
7.040000e+02	1.229413e+00	5.453991e-01	5.655322e+00	5.647073e+00	5.646730e+00	2.241773e-04	1.667970e-04	1.138698e-04	-8.432695e+01	
7.050000e+02	1.229678e+00	5.455412e-01	5.655292e+00	5.647095e+00	5.646756e+00	2.237098e-04	1.662662e-04	1.137286e-04	-8.433290e+01	
7.060000e+02	1.229945e+00	5.456804e-01	5.655263e+00	5.647117e+00	5.646781e+00	2.232506e-04	1.657421e-04	1.135881e-04	-8.433872e+01	
7.070000e+02	1.230211e+00	5.458172e-01	5.655234e+00	5.647138e+00	5.646807e+00	2.227994e-04	1.652246e-04	1.134484e-04	-8.434442e+01	
7.080000e+02	1.230477e+00	5.459518e-01	5.655207e+00	5.647160e+00	5.646832e+00	2.223561e-04	1.647135e-04	1.133095e-04	-8.435000e+01	
7.090000e+02	1.230743e+00	5.460848e-01	5.655180e+00	5.647181e+00	5.646857e+00	2.219203e-04	1.642087e-04	1.131714e-04	-8.435547e+01	
7.100000e+02	1.231008e+00	5.462164e-01	5.655154e+00	5.647202e+00	5.646881e+00	2.214919e-04	1.637101e-04	1.130340e-04	-8.436083e+01	
7.110000e+02	1.231272e+00	5.463470e-01	5.655128e+00	5.647223e+00	5.646906e+00	2.210705e-04	1.632176e-04	1.128974e-04	-8.436609e+01	
7.120000e+02	1.231535e+00	5.464770e-01	5.655103e+00	5.647243e+00	5.646930e+00	2.206560e-04	1.627312e-04	1.127616e-04	-8.437124e+01	
7.130000e+02	1.231795e+00	5.466064e-01	5.655079e+00	5.647264e+00	5.646954e+00	2.202482e-04	1.622506e-04	1.126266e-04	-8.437630e+01	
7.140000e+02	1.232054e+00	5.467357e-01	5.655055e+00	5.647284e+00	5.646977e+00	2.198469e-04	1.617757e-04	1.124923e-04	-8.438125e+01	
7.150000e+02	1.232311e+00	5.468651e-01	5.655032e+00	5.647304e+00	5.647001e+00	2.194519e-04	1.613066e-04	1.123588e-04	-8.438612e+01	
7.160000e+02	1.232565e+00	5.469948e-01	5.655009e+00	5.647324e+00	5.647024e+00	2.190629e-04	1.608430e-04	1.122260e-04	-8.439089e+01	
7.170000e+02	1.232816e+00	5.471249e-01	5.654987e+00	5.647343e+00	5.647046e+00	2.186799e-04	1.603849e-04	1.120939e-04	-8.439557e+01	
7.180000e+02	1.233065e+00	5.472556e-01	5.654965e+00	5.647363e+00	5.647069e+00	2.183026e-04	1.599321e-04	1.119626e-04	-8.440016e+01	
7.190000e+02	1.233311e+00	5.473870e-01	5.654944e+00	5.647382e+00	5.647091e+00	2.179309e-04	1.594847e-04	1.118320e-04	-8.440467e+01	
7.200000e+02	1.231452e+00	5.496212e-01	5.654924e+00	5.647401e+00	5.647113e+00	2.174270e-04	1.590441e-04	1.117014e-04	-8.440910e+01	
7.210000e+02	1.231868e+00	5.495782e-01	5.654904e+00	5.647420e+00	5.647135e+00	2.170778e-04	1.586068e-04	1.115723e-04	-8.441345e+01	
7.220000e+02	1.232272e+00	5.495456e-01	5.654884e+00	5.647439e+00	5.647157e+00	2.167330e-04	1.581746e-04	1.114440e-04	-8.441772e+01	
7.230000e+02	1.232663e+00	5.495239e-01	5.654865e+00	5.647457e+00	5.647178e+00	2.163925e-04	1.577473e-04	1.113163e-04	-8.442191e+01	
7.240000e+02	1.233041e+00	5.495130e-01	5.654846e+00	5.647476e+00	5.647199e+00	2.160563e-04	1.573249e-04	1.111894e-04	-8.442603e+01	
7.250000e+02	1.233406e+00	5.495128e-01	5.654828e+00	5.647494e+00	5.647220e+00	2.157242e-04	1.569072e-04	1.110631e-04	-8.443007e+01	
7.260000e+02	1.233759e+00	5.495232e-01	5.654810e+00	5.647512e+00	5.647241e+00	2.153961e-04	1.564943e-04	1.109376e-04	-8.443404e+01	
7.270000e+02	1.234099e+00	5.495440e-01	5.654792e+00	5.647530e+00	5.647262e+00	2.150720e-04	1.560860e-04	1.108128e-04	-8.443795e+01	
7.280000e+02	1.234427e+00	5.495747e-01	5.654775e+00	5.647547e+00	5.647282e+00	2.147516e-04	1.556822e-04	1.106886e-04	-8.444178e+01	
7.290000e+02	1.234744e+00	5.496149e-01	5.654758e+00	5.647565e+00	5.647302e+00	2.144351e-04	1.552829e-04	1.105651e-04	-8.444555e+01	
7.300000e+02	1.235049e+00	5.496644e-01	5.654742e+00	5.647582e+00	5.647322e+00	2.141222e-04	1.548881e-04	1.104423e-04	-8.444925e+01	
7.310000e+02	1.235344e+00	5.497226e-01	5.654726e+00	5.647600e+00	5.647342e+00	2.138129e-04	1.544975e-04	1.103202e-04	-8.445289e+01	
7.320000e+02	1.235629e+00	5.497890e-01	5.654710e+00	5.647617e+00	5.647362e+00	2.135071e-04	1.541113e-04	1.101988e-04	-8.445647e+01	
7.330000e+02	1.235904e+00	5.498630e-01	5.654695e+00	5.647634e+00	5.647381e+00	2.132049e-04	1.537292e-04	1.100780e-04	-8.445998e+01	
7.340000e+02	1.236170e+00	5.499442e-01	5.654680e+00	5.647651e+00	5.647400e+00	2.129062e-04	1.533512e-04	1.099579e-04	-8.446344e+01	
7.350000e+02	1.236427e+00	5.500319e-01	5.654665e+00	5.647667e+00	5.647419e+00	2.126108e-04	1.529773e-04	1.098384e-04	-8.446684e+01	
7.360000e+02	1.236677e+00	5.501257e-01	5.654651e+00	5.647684e+00	5.647438e+00	2.123187e-04	1.526075e-04	1.097197e-04	-8.447018e+01	
7.370000e+02	1.234952e+00	5.521916e-01	5.654636e+00	5.647700e+00	5.647457e+00	2.119031e-04	1.522431e-04	1.096008e-04	-8.447346e+01	
7.380000e+02	1.235436e+00	5.520478e-01	5.654622e+00	5.647716e+00	5.647475e+00	2.116337e-04	1.518808e-04	1.094834e-04	-8.447670e+01	
7.390000e+02	1.235885e+00	5.519359e-01	5.654609e+00	5.647732e+00	5.647494e+00	2.113657e-04	1.515224e-04	1.093666e-04	-8.447987e+01	
7.400000e+02	1.236304e+00	5.518531e-01	5.654596e+00	5.647748e+00	5.647512e+00	2.110992e-04	1.511678e-04	1.092505e-04	-8.448300e+01	
7.410000e+02	1.236694e+00	5.517966e-01	5.654582e+00	5.647764e+00	5.647530e+00	2.108344e-04	1.508168e-04	1.091350e-04	-8.448607e+01	
7.420000e+02	1.237059e+00	5.517638e-01	5.654570e+00	5.647780e+00	5.647548e+00	2.105714e-04	1.504696e-04	1.090202e-04	-8.448910e+01	
7.430000e+02	1.237400e+00	5.517523e-01	5.654557e+00	5.647796e+00	5.647565e+00	2.103101e-04	1.501259e-04	1.089059e-04	-8.449207e+01	
7.440000e+02	1.237721e+00	5.517598e-01	5.654545e+00	5.647811e+00	5.647583e+00	2.100508e-04	1.497858e-04	1.087923e-04	-8.449500e+01	
7.450000e+02	1.238023e+00	5.517842e-01	5.654533e+00	5.647826e+00	5.647600e+00	2.097935e-04	1.494492e-04	1.086793e-04	-8.449788e+01	
7.460000e+02	1.238308e+00	5.518237e-01	5.654521e+00	5.647841e+00	5.647617e+00	2.095382e-04	1.491161e-04	1.085669e-04	-8.450072e+01	
7.470000e+02	1.238578e+00	5.518764e-01	5.654509e+00	5.647857e+00	5.647634e+00	2.092851e-04	1.487863e-04	1.084551e-04	-8.450351e+01	
7.480000e+02	1.238835e+00	5.519408e-01	5.654498e+00	5.647872e+00	5.647651e+00	2.090341e-04	1.484599e-04	1.083440e-04	-8.450625e+01	
7.490000e+02	1.237070e+00	5.540245e-01	5.654487e+00	5.647886e+00	5.647668e+00	2.086566e-04	1.481383e-04	1.082327e-04	-8.450896e+01	
7.500000e+02	1.237610e+00	5.538022e-01	5.654476e+00	5.647901e+00	5.647685e+00	2.084297e-04	1.478182e-04	1.081228e-04	-8.451162e+01	
7.510000e+02	1.238097e+00	5.536304e-01	5.654465e+00	5.647916e+00	5.647701e+00	2.082023e-04	1.475013e-04	1.080136e-04	-8.451424e+01	
7.520000e+02	1.238539e+00	5.535027e-01	5.654454e+00	5.647930e+00	5.647717e+00	2.079747e-04	1.471876e-04	1.079049e-04	-8.451682e+01	
7.530000e+02	1.238940e+00	5.534136e-01	5.654444e+00	5.647944e+00	5.647734e+00	2.077473e-04	1.468770e-04	1.077968e-04	-8.451936e+01	
7.540000e+02	1.239306e+00	5.533577e-01	5.654434e+00	5.647959e+00	5.647750e+00	2.075203e-04	1.465695e-04	1.076893e-04	-8.452186e+01	
7.550000e+02	1.239642e+00	5.533304e-01	5.654424e+00	5.647973e+00	5.647766e+00	2.072941e-04	1.462650e-04	1.075824e-04	-8.452432e+01	
7.560000e+02	1.239952e+00	5.533277e-01	5.654414e+00	5.647987e+00	5.647781e+00	2.070687e-04	1.459635e-04	1.074760e-04	-8.452674e+01	
7.570000e+02	1.240239e+00	5.533461e-01	5.654404e+00	5.648001e+00	5.647797e+00	2.068445e-04	1.456649e-04	1.073703e-04	-8.452913e+01	
7.580000e+02	1.240506e+00	5.533825e-01	5.654395e+00	5.648015e+00	5.647812e+00	2.066215e-04	1.453693e-04	1.072651e-04	-8.453148e+01	
7.590000e+02	1.238641e+00	5.555490e-01	5.654386e+00	5.648028e+00	5.647828e+00	2.062651e-04	1.450781e-04	1.071596e-04	-8.453380e+01	
7.600000e+02	1.239240e+00	5.552502e-01	5.654377e+00	5.648042e+00	5.647843e+00	2.060683e-04	1.447879e-04	1.070557e-04	-8.453608e+01	
7.610000e+02	1.239767e+00	5.550213e-01	5.654368e+00	5.648055e+00	5.647858e+00	2.058693e-04	1.445005e-04	1.069523e-04	-8.453833e+01	
7.620000e+02	1.240234e+00	5.548516e-01	5.654359e+00	5.648069e+00	5.647873e+00	2.056687e-04	1.442158e-04	1.068495e-04	-8.454055e+01	
7.630000e+02	1.240648e+00	5.547320e-01	5.654350e+00	5.648082e+00	5.647888e+00	2.054671e-04	1.439339e-04	1.067472e-04	-8.454273e+01	
7.640000e+02	1.241019e+00	5.546542e-01	5.654342e+00	5.648095e+00	5.647903e+00	2.052650e-04	1.436547e-04	1.066454e-04	-8.454488e+01	
7.650000e+02	1.241354e+00	5.546118e-01	5.654333e+00	5.648108e+00	5.647917e+00	2.050628e-04	1.433781e-04	1.065442e-04	-8.454700e+01	
7.660000e+02	1.241657e+00	5.545989e-01	5.654325e+00	5.648121e+00	5.647932e+00	2.048608e-04	1.431041e-04	1.064436e-04	-8.454909e+01	
7.670000e+02	1.241934e+00	5.546104e-01	5.654317e+00	5.648134e+00	5.647946e+00	2.046594e-04	1.428327e-04	1.063434e-04	-8.455115e+01	
7.680000e+02	1.240003e+00	5.568279e-01	5.654309e+00	5.648147e+00	5.647961e+00	2.043198e-04	1.425655e-04	1.062430e-04	-8.455317e+01	
7.690000e+02	1.240650e+00	5.564658e-01	5.654301e+00	5.648160e+00	5.647975e+00	2.041461e-04	1.422988e-04	1.061441e-04	-8.455517e+01	
7.700000e+02	1.241208e+00	5.561915e-01	5.654294e+00	5.648173e+00	5.647989e+00	2.039689e-04	1.420347e-04	1.060458e-04	-8.455715e+01	
7.710000e+02	1.241692e+00	5.559899e-01	5.654286e+00	5.648185e+00	5.648003e+00	2.037888e-04	1.417730e-04	1.059479e-04	-8.455909e+01	
7.720000e+02	1.242114e+00	5.558483e-01	5.654279e+00	5.648198e+00	5.648017e+00	2.036069e-04	1.415137e-04	1.058505e-04	-8.456101e+01	
7.730000e+02	1.242485e+00	5.557560e-01	5.654272e+00	5.648210e+00	5.648031e+00	2.034237e-04	1.412569e-04	1.057537e-04	-8.456289e+01	
7.740000e+02	1.242815e+00	5.557041e-01	5.654264e+00	5.648222e+00	5.648044e+00	2.032398e-04	1.410024e-04	1.056573e-04	-8.456476e+01	
7.750000e+02	1.243109e+00	5.556852e-01	5.654257e+00	5.648234e+00	5.648058e+00	2.030556e-04	1.407502e-04	1.055615e-04	-8.456659e+01	
7.760000e+02	1.243376e+00	5.556930e-01	5.654251e+00	5.648247e+00	5.648071e+00	2.028715e-04	1.405003e-04	1.054662e-04	-8.456840e+01	
7.770000e+02	1.241718e+00	5.576234e-01	5.654244e+00	5.648259e+00	5.648085e+00	2.025675e-04	1.402542e-04	1.053707e-04	-8.457019e+01	
7.780000e+02	1.242328e+00	5.572852e-01	5.654237e+00	5.648270e+00	5.648098e+00	2.024089e-04	1.400085e-04	1.052765e-04	-8.457195e+01	
7.790000e+02	1.242846e+00	5.570367e-01	5.654231e+00	5.648282e+00	5.648111e+00	2.022462e-04	1.397650e-04	1.051829e-04	-8.457369e+01	
7.800000e+02	1.243289e+00	5.568614e-01	5.654224e+00	5.648294e+00	5.648124e+00	2.020806e-04	1.395238e-04	1.050897e-04	-8.457540e+01	
7.810000e+02	1.243673e+00	5.567445e-01	5.654218e+00	5.648306e+00	5.648137e+00	2.019129e-04	1.392847e-04	1.049970e-04	-8.457709e+01	
7.820000e+02	1.244007e+00	5.566750e-01	5.654212e+00	5.648317e+00	5.648150e+00	2.017438e-04	1.390478e-04	1.049048e-04	-8.457876e+01	
7.830000e+02	1.244303e+00	5.566434e-01	5.654205e+00	5.648329e+00	5.648163e+00	2.015740e-04	1.388130e-04	1.048131e-04	-8.458041e+01	
7.840000e+02	1.244566e+00	5.566421e-01	5.654199e+00	5.648340e+00	5.648175e+00	2.014039e-04	1.385803e-04	1.047218e-04	-8.458203e+01	
7.850000e+02	1.243014e+00	5.584553e-01	5.654194e+00	5.648352e+00	5.648188e+00	2.011208e-04	1.383509e-04	1.046304e-04	-8.458363e+01	
7.860000e+02	1.243616e+00	5.581121e-01	5.654188e+00	5.648363e+00	5.648200e+00	2.009753e-04	1.381220e-04	1.045403e-04	-8.458521e+01	
7.870000e+02	1.244121e+00	5.578649e-01	5.654182e+00	5.648374e+00	5.648213e+00	2.008253e-04	1.378950e-04	1.044506e-04	-8.458677e+01	
7.880000e+02	1.244548e+00	5.576940e-01	5.654176e+00	5.648385e+00	5.648225e+00	2.006720e-04	1.376701e-04	1.043614e-04	-8.458831e+01	
7.890000e+02	1.244914e+00	5.575835e-01	5.654171e+00	5.648396e+00	5.648237e+00	2.005163e-04	1.374472e-04	1.042727e-04	-8.458982e+01	
7.900000e+02	1.245230e+00	5.575210e-01	5.654165e+00	5.648407e+00	5.648249e+00	2.003590e-04	1.372262e-04	1.041844e-04	-8.459132e+01	
7.910000e+02	1.245507e+00	5.574961e-01	5.654160e+00	5.648418e+00	5.648261e+00	2.002009e-04	1.370071e-04	1.040966e-04	-8.459280e+01	
7.920000e+02	1.243826e+00	5.594274e-01	5.654155e+00	5.648429e+00	5.648273e+00	1.999209e-04	1.367913e-04	1.040085e-04	-8.459426e+01	
7.930000e+02	1.244481e+00	5.590214e-01	5.654149e+00	5.648440e+00	5.648285e+00	1.997896e-04	1.365757e-04	1.039218e-04	-8.459570e+01	
7.940000e+02	1.245021e+00	5.587292e-01	5.654144e+00	5.648451e+00	5.648297e+00	1.996524e-04	1.363619e-04	1.038355e-04	-8.459712e+01	
7.950000e+02	1.245470e+00	5.585263e-01	5.654139e+00	5.648461e+00	5.648309e+00	1.995110e-04	1.361500e-04	1.037496e-04	-8.459853e+01	
7.960000e+02	1.245849e+00	5.583929e-01	5.654134e+00	5.648472e+00	5.648320e+00	1.993665e-04	1.359399e-04	1.036642e-04	-8.459991e+01	
7.970000e+02	1.246171e+00	5.583140e-01	5.654130e+00	5.648482e+00	5.648332e+00	1.992199e-04	1.357316e-04	1.035793e-04	-8.460128e+01	
7.980000e+02	1.246450e+00	5.582774e-01	5.654125e+00	5.648493e+00	5.648343e+00	1.990719e-04	1.355250e-04	1.034947e-04	-8.460263e+01	
7.990000e+02	1.244798e+00	5.601705e-01	5.654120e+00	5.648503e+00	5.648355e+00	1.988040e-04	1.353217e-04	1.034099e-04	-8.460397e+01	
8.000000e+02	1.245462e+00	5.597466e-01	5.654115e+00	5.648514e+00	5.648366e+00	1.986830e-04	1.351183e-04	1.033265e-04	-8.460528e+01	
8.010000e+02	1.246002e+00	5.594448e-01	5.654111e+00	5.648524e+00	5.648377e+00	1.985555e-04	1.349166e-04	1.032434e-04	-8.460658e+01	
8.020000e+02	1.246446e+00	5.592375e-01	5.654106e+00	5.648534e+00	5.648388e+00	1.984233e-04	1.347167e-04	1.031608e-04	-8.460787e+01	
8.030000e+02	1.246816e+00	5.591030e-01	5.654102e+00	5.648544e+00	5.648399e+00	1.982878e-04	1.345185e-04	1.030785e-04	-8.460914e+01	
8.040000e+02	1.247129e+00	5.590246e-01	5.654098e+00	5.648554e+00	5.648410e+00	1.981499e-04	1.343219e-04	1.029967e-04	-8.461039e+01	
8.050000e+02	1.247397e+00	5.589892e-01	5.654093e+00	5.648564e+00	5.648421e+00	1.980105e-04	1.341269e-04	1.029154e-04	-8.461163e+01	
8.060000e+02	1.245915e+00	5.607023e-01	5.654089e+00	5.648574e+00	5.648432e+00	1.977627e-04	1.339349e-04	1.028338e-04	-8.461285e+01	
8.070000e+02	1.246541e+00	5.603067e-01	5.654085e+00	5.648584e+00	5.648443e+00	1.976483e-04	1.337428e-04	1.027534e-04	-8.461405e+01	
8.080000e+02	1.247046e+00	5.600307e-01	5.654081e+00	5.648594e+00	5.648454e+00	1.975275e-04	1.335524e-04	1.026734e-04	-8.461525e+01	
8.090000e+02	1.247459e+00	5.598456e-01	5.654077e+00	5.648604e+00	5.648464e+00	1.974021e-04	1.333635e-04	1.025939e-04	-8.461642e+01	
8.100000e+02	1.247801e+00	5.597300e-01	5.654073e+00	5.648613e+00	5.648475e+00	1.972735e-04	1.331762e-04	1.025147e-04	-8.461759e+01	
8.110000e+02	1.248089e+00	5.596671e-01	5.654069e+00	5.648623e+00	5.648486e+00	1.971427e-04	1.329905e-04	1.024359e-04	-8.461874e+01	
8.120000e+02	1.246426e+00	5.615545e-01	5.654065e+00	5.648632e+00	5.648496e+00	1.968908e-04	1.328077e-04	1.023569e-04	-8.461987e+01	
8.130000e+02	1.247121e+00	5.610822e-01	5.654062e+00	5.648642e+00	5.648506e+00	1.967878e-04	1.326246e-04	1.022791e-04	-8.462100e+01	
8.140000e+02	1.247673e+00	5.607511e-01	5.654058e+00	5.648651e+00	5.648517e+00	1.966770e-04	1.324430e-04	1.022017e-04	-8.462210e+01	
8.150000e+02	1.248117e+00	5.605268e-01	5.654054e+00	5.648661e+00	5.648527e+00	1.965606e-04	1.322630e-04	1.021247e-04	-8.462320e+01	
8.160000e+02	1.248480e+00	5.603831e-01	5.654051e+00	5.648670e+00	5.648537e+00	1.964401e-04	1.320844e-04	1.020481e-04	-8.462428e+01	
8.170000e+02	1.248781e+00	5.603000e-01	5.654047e+00	5.648679e+00	5.648547e+00	1.963169e-04	1.319072e-04	1.019718e-04	-8.462535e+01	
8.180000e+02	1.247026e+00	5.622715e-01	5.654044e+00	5.648689e+00	5.648557e+00	1.960662e-04	1.317330e-04	1.018952e-04	-8.462641e+01	
8.190000e+02	1.247763e+00	5.617494e-01	5.654040e+00	5.648698e+00	5.648567e+00	1.959725e-04	1.315583e-04	1.018200e-04	-8.462746e+01	
8.200000e+02	1.248342e+00	5.613846e-01	5.654037e+00	5.648707e+00	5.648577e+00	1.958699e-04	1.313851e-04	1.017451e-04	-8.462849e+01	
8.210000e+02	1.248802e+00	5.611376e-01	5.654034e+00	5.648716e+00	5.648587e+00	1.957609e-04	1.312133e-04	1.016705e-04	-8.462951e+01	
8.220000e+02	1.249172e+00	5.609783e-01	5.654030e+00	5.648725e+00	5.648597e+00	1.956473e-04	1.310428e-04	1.015964e-04	-8.463052e+01	
8.230000e+02	1.249477e+00	5.608846e-01	5.654027e+00	5.648734e+00	5.648607e+00	1.955306e-04	1.308738e-04	1.015226e-04	-8.463152e+01	
8.240000e+02	1.247731e+00	5.628391e-01	5.654024e+00	5.648743e+00	5.648616e+00	1.952871e-04	1.307076e-04	1.014484e-04	-8.463250e+01	
8.250000e+02	1.248478e+00	5.623008e-01	5.654021e+00	5.648752e+00	5.648626e+00	1.952000e-04	1.305407e-04	1.013756e-04	-8.463348e+01	
8.260000e+02	1.249058e+00	5.619276e-01	5.654018e+00	5.648761e+00	5.648636e+00	1.951036e-04	1.303753e-04	1.013031e-04	-8.463444e+01	
8.270000e+02	1.249514e+00	5.616767e-01	5.654015e+00	5.648770e+00	5.648645e+00	1.950004e-04	1.302112e-04	1.012309e-04	-8.463539e+01	
8.280000e+02	1.249879e+00	5.615162e-01	5.654012e+00	5.648778e+00	5.648655e+00	1.948925e-04	1.300485e-04	1.011591e-04	-8.463633e+01	
8.290000e+02	1.250177e+00	5.614224e-01	5.654009e+00	5.648787e+00	5.648664e+00	1.947813e-04	1.298870e-04	1.010876e-04	-8.463727e+01	
8.300000e+02	1.248536e+00	5.632652e-01	5.654006e+00	5.648796e+00	5.648673e+00	1.945503e-04	1.297282e-04	1.010158e-04	-8.463819e+01	
8.310000e+02	1.249257e+00	5.627450e-01	5.654003e+00	5.648804e+00	5.648683e+00	1.944675e-04	1.295688e-04	1.009453e-04	-8.463910e+01	
8.320000e+02	1.249814e+00	5.623885e-01	5.654001e+00	5.648813e+00	5.648692e+00	1.943752e-04	1.294108e-04	1.008751e-04	-8.464000e+01	
8.330000e+02	1.250249e+00	5.621518e-01	5.653998e+00	5.648821e+00	5.648701e+00	1.942764e-04	1.292540e-04	1.008052e-04	-8.464089e+01	
8.340000e+02	1.250595e+00	5.620032e-01	5.653995e+00	5.648830e+00	5.648710e+00	1.941729e-04	1.290984e-04	1.007357e-04	-8.464177e+01	
8.350000e+02	1.250876e+00	5.619188e-01	5.653993e+00	5.648838e+00	5.648719e+00	1.940662e-04	1.289441e-04	1.006665e-04	-8.464264e+01	
8.360000e+02	1.249416e+00	5.635750e-01	5.653990e+00	5.648846e+00	5.648728e+00	1.938521e-04	1.287922e-04	1.005971e-04	-8.464350e+01	
8.370000e+02	1.250083e+00	5.631024e-01	5.653987e+00	5.648855e+00	5.648737e+00	1.937712e-04	1.286399e-04	1.005288e-04	-8.464435e+01	
8.380000e+02	1.250595e+00	5.627835e-01	5.653985e+00	5.648863e+00	5.648746e+00	1.936816e-04	1.284887e-04	1.004608e-04	-8.464520e+01	
8.390000e+02	1.250995e+00	5.625759e-01	5.653982e+00	5.648871e+00	5.648755e+00	1.935858e-04	1.283388e-04	1.003931e-04	-8.464603e+01	
8.400000e+02	1.251312e+00	5.624496e-01	5.653980e+00	5.648879e+00	5.648764e+00	1.934858e-04	1.281900e-04	1.003258e-04	-8.464686e+01	
8.410000e+02	1.249555e+00	5.643964e-01	5.653978e+00	5.648887e+00	5.648773e+00	1.932577e-04	1.280439e-04	1.002581e-04	-8.464767e+01	
8.420000e+02	1.250337e+00	5.638036e-01	5.653975e+00	5.648895e+00	5.648781e+00	1.931882e-04	1.278970e-04	1.001916e-04	-8.464848e+01	
8.430000e+02	1.250929e+00	5.634000e-01	5.653973e+00	5.648903e+00	5.648790e+00	1.931077e-04	1.277513e-04	1.001255e-04	-8.464928e+01	
8.440000e+02	1.251382e+00	5.631330e-01	5.653971e+00	5.648911e+00	5.648799e+00	1.930195e-04	1.276067e-04	1.000596e-04	-8.465007e+01	
8.450000e+02	1.251736e+00	5.629647e-01	5.653969e+00	5.648919e+00	5.648807e+00	1.929258e-04	1.274632e-04	9.999411e-05	-8.465085e+01	
8.460000e+02	1.252019e+00	5.628673e-01	5.653966e+00	5.648927e+00	5.648816e+00	1.928285e-04	1.273209e-04	9.992891e-05	-8.465162e+01	
8.470000e+02	1.250594e+00	5.644754e-01	5.653964e+00	5.648935e+00	5.648824e+00	1.926261e-04	1.271808e-04	9.986341e-05	-8.465239e+01	
8.480000e+02	1.251262e+00	5.639900e-01	5.653962e+00	5.648943e+00	5.648833e+00	1.925543e-04	1.270402e-04	9.979905e-05	-8.465314e+01	
8.490000e+02	1.251767e+00	5.636664e-01	5.653960e+00	5.648951e+00	5.648841e+00	1.924732e-04	1.269007e-04	9.973497e-05	-8.465389e+01	
8.500000e+02	1.252156e+00	5.634585e-01	5.653958e+00	5.648958e+00	5.648850e+00	1.923856e-04	1.267623e-04	9.967119e-05	-8.465463e+01	
8.510000e+02	1.252460e+00	5.633334e-01	5.653956e+00	5.648966e+00	5.648858e+00	1.922936e-04	1.266250e-04	9.960773e-05	-8.465537e+01	
8.520000e+02	1.250872e+00	5.651004e-01	5.653954e+00	5.648974e+00	5.648866e+00	1.920849e-04	1.264900e-04	9.954389e-05	-8.465609e+01	
8.530000e+02	1.251608e+00	5.645418e-01	5.653952e+00	5.648981e+00	5.648874e+00	1.920212e-04	1.263543e-04	9.948126e-05	-8.465681e+01	
8.540000e+02	1.252158e+00	5.641680e-01	5.653950e+00	5.648989e+00	5.648882e+00	1.919466e-04	1.262197e-04	9.941890e-05	-8.465752e+01	
8.550000e+02	1.252576e+00	5.639257e-01	5.653948e+00	5.648997e+00	5.648891e+00	1.918645e-04	1.260861e-04	9.935682e-05	-8.465823e+01	
8.560000e+02	1.252900e+00	5.637769e-01	5.653946e+00	5.649004e+00	5.648899e+00	1.917774e-04	1.259535e-04	9.929504e-05	-8.465893e+01	
8.570000e+02	1.251186e+00	5.656637e-01	5.653945e+00	5.649012e+00	5.648907e+00	1.915647e-04	1.258234e-04	9.923282e-05	-8.465962e+01	
8.580000e+02	1.251977e+00	5.650452e-01	5.653943e+00	5.649019e+00	5.648915e+00	1.915080e-04	1.256924e-04	9.917187e-05	-8.466030e+01	
8.590000e+02	1.252563e+00	5.646314e-01	5.653941e+00	5.649026e+00	5.648923e+00	1.914391e-04	1.255624e-04	9.911117e-05	-8.466097e+01	
8.600000e+02	1.253003e+00	5.643621e-01	5.653939e+00	5.649034e+00	5.648930e+00	1.913620e-04	1.254334e-04	9.905074e-05	-8.466164e+01	
8.610000e+02	1.253339e+00	5.641952e-01	5.653938e+00	5.649041e+00	5.648938e+00	1.912791e-04	1.253054e-04	9.899060e-05	-8.466231e+01	
8.620000e+02	1.251549e+00	5.661536e-01	5.653936e+00	5.649048e+00	5.648946e+00	1.910653e-04	1.251799e-04	9.892998e-05	-8.466296e+01	
8.630000e+02	1.252377e+00	5.654935e-01	5.653934e+00	5.649056e+00	5.648954e+00	1.910143e-04	1.250533e-04	9.887066e-05	-8.466361e+01	
8.640000e+02	1.252985e+00	5.650522e-01	5.653933e+00	5.649063e+00	5.648962e+00	1.909502e-04	1.249277e-04	9.881157e-05	-8.466425e+01	
8.650000e+02	1.253438e+00	5.647653e-01	5.653931e+00	5.649070e+00	5.648969e+00	1.908773e-04	1.248031e-04	9.875275e-05	-8.466489e+01	
8.660000e+02	1.253782e+00	5.645867e-01	5.653930e+00	5.649077e+00	5.648977e+00	1.907981e-04	1.246795e-04	9.869419e-05	-8.466552e+01	
8.670000e+02	1.251967e+00	5.665650e-01	5.653928e+00	5.649084e+00	5.648985e+00	1.905863e-04	1.245583e-04	9.863513e-05	-8.466615e+01	
8.680000e+02	1.252812e+00	5.658830e-01	5.653927e+00	5.649091e+00	5.648992e+00	1.905395e-04	1.244360e-04	9.857739e-05	-8.466676e+01	
8.690000e+02	1.253428e+00	5.654288e-01	5.653925e+00	5.649098e+00	5.649000e+00	1.904792e-04	1.243147e-04	9.851987e-05	-8.466738e+01	
8.700000e+02	1.253884e+00	5.651344e-01	5.653924e+00	5.649105e+00	5.649007e+00	1.904096e-04	1.241943e-04	9.846260e-05	-8.466798e+01	
8.710000e+02	1.254227e+00	5.649514e-01	5.653922e+00	5.649112e+00	5.649015e+00	1.903336e-04	1.240748e-04	9.840558e-05	-8.466858e+01	
8.720000e+02	1.252442e+00	5.668966e-01	5.653921e+00	5.649119e+00	5.649022e+00	1.901268e-04	1.239578e-04	9.834807e-05	-8.466918e+01	
8.730000e+02	1.253282e+00	5.662144e-01	5.653920e+00	5.649126e+00	5.649030e+00	1.900829e-04	1.238395e-04	9.829185e-05	-8.466977e+01	
8.740000e+02	1.253892e+00	5.657624e-01	5.653918e+00	5.649133e+00	5.649037e+00	1.900252e-04	1.237222e-04	9.823585e-05	-8.467035e+01	
8.750000e+02	1.254340e+00	5.654706e-01	5.653917e+00	5.649140e+00	5.649044e+00	1.899582e-04	1.236059e-04	9.818008e-05	-8.467093e+01	
8.760000e+02	1.254676e+00	5.652905e-01	5.653916e+00	5.649147e+00	5.649052e+00	1.898848e-04	1.234904e-04	9.812456e-05	-8.467150e+01	
8.770000e+02	1.252967e+00	5.671548e-01	5.653914e+00	5.649153e+00	5.649059e+00	1.896859e-04	1.233772e-04	9.806857e-05	-8.467207e+01	
8.780000e+02	1.253783e+00	5.664922e-01	5.653913e+00	5.649160e+00	5.649066e+00	1.896434e-04	1.232629e-04	9.801383e-05	-8.467263e+01	
8.790000e+02	1.254372e+00	5.660563e-01	5.653912e+00	5.649167e+00	5.649073e+00	1.895874e-04	1.231495e-04	9.795929e-05	-8.467318e+01	
8.800000e+02	1.254804e+00	5.657771e-01	5.653911e+00	5.649173e+00	5.649080e+00	1.895222e-04	1.230370e-04	9.790498e-05	-8.467373e+01	
8.810000e+02	1.255126e+00	5.656063e-01	5.653910e+00	5.649180e+00	5.649087e+00	1.894509e-04	1.229254e-04	9.785092e-05	-8.467428e+01	
8.820000e+02	1.253534e+00	5.673484e-01	5.653909e+00	5.649187e+00	5.649094e+00	1.892622e-04	1.228159e-04	9.779642e-05	-8.467482e+01	
8.830000e+02	1.254308e+00	5.667240e-01	5.653907e+00	5.649193e+00	5.649101e+00	1.892198e-04	1.227054e-04	9.774310e-05	-8.467536e+01	
8.840000e+02	1.254865e+00	5.663164e-01	5.653906e+00	5.649200e+00	5.649108e+00	1.891647e-04	1.225957e-04	9.768998e-05	-8.467589e+01	
8.850000e+02	1.255271e+00	5.660580e-01	5.653905e+00	5.649206e+00	5.649115e+00	1.891007e-04	1.224869e-04	9.763709e-05	-8.467641e+01	
8.860000e+02	1.255574e+00	5.659020e-01	5.653904e+00	5.649213e+00	5.649122e+00	1.890310e-04	1.223789e-04	9.758444e-05	-8.467694e+01	
8.870000e+02	1.254131e+00	5.674911e-01	5.653903e+00	5.649219e+00	5.649129e+00	1.888543e-04	1.222729e-04	9.753141e-05	-8.467745e+01	
8.880000e+02	1.254848e+00	5.669197e-01	5.653902e+00	5.649226e+00	5.649136e+00	1.888111e-04	1.221660e-04	9.747947e-05	-8.467796e+01	
8.890000e+02	1.255362e+00	5.665501e-01	5.653901e+00	5.649232e+00	5.649143e+00	1.887560e-04	1.220600e-04	9.742773e-05	-8.467847e+01	
8.900000e+02	1.255738e+00	5.663185e-01	5.653900e+00	5.649239e+00	5.649150e+00	1.886928e-04	1.219547e-04	9.737621e-05	-8.467897e+01	
8.910000e+02	1.253826e+00	5.683736e-01	5.653899e+00	5.649245e+00	5.649157e+00	1.884894e-04	1.218519e-04	9.732411e-05	-8.467947e+01	
8.920000e+02	1.254745e+00	5.675967e-01	5.653898e+00	5.649251e+00	5.649163e+00	1.884608e-04	1.217475e-04	9.727334e-05	-8.467997e+01	
8.930000e+02	1.255394e+00	5.670884e-01	5.653897e+00	5.649258e+00	5.649170e+00	1.884160e-04	1.216441e-04	9.722274e-05	-8.468045e+01	
8.940000e+02	1.255860e+00	5.667636e-01	5.653896e+00	5.649264e+00	5.649177e+00	1.883605e-04	1.215415e-04	9.717234e-05	-8.468094e+01	
8.950000e+02	1.256200e+00	5.665633e-01	5.653896e+00	5.649270e+00	5.649183e+00	1.882977e-04	1.214396e-04	9.712215e-05	-8.468142e+01	
8.960000e+02	1.254542e+00	5.683603e-01	5.653895e+00	5.649276e+00	5.649190e+00	1.881125e-04	1.213399e-04	9.707148e-05	-8.468190e+01	
8.970000e+02	1.255358e+00	5.676821e-01	5.653894e+00	5.649282e+00	5.649196e+00	1.880800e-04	1.212390e-04	9.702201e-05	-8.468237e+01	
8.980000e+02	1.255935e+00	5.672429e-01	5.653893e+00	5.649289e+00	5.649203e+00	1.880333e-04	1.211390e-04	9.697271e-05	-8.468284e+01	
8.990000e+02	1.256349e+00	5.669655e-01	5.653892e+00	5.649295e+00	5.649210e+00	1.879769e-04	1.210396e-04	9.692360e-05	-8.468330e+01	
9.000000e+02	1.256652e+00	5.667980e-01	5.653891e+00	5.649301e+00	5.649216e+00	1.879143e-04	1.209410e-04	9.687472e-05	-8.468376e+01	
9.010000e+02	1.255249e+00	5.683362e-01	5.653891e+00	5.649307e+00	5.649222e+00	1.877474e-04	1.208443e-04	9.682545e-05	-8.468422e+01	
9.020000e+02	1.255960e+00	5.677593e-01	5.653890e+00	5.649313e+00	5.649229e+00	1.877108e-04	1.207467e-04	9.677723e-05	-8.468467e+01	
9.030000e+02	1.256463e+00	5.673901e-01	5.653889e+00	5.649319e+00	5.649235e+00	1.876618e-04	1.206498e-04	9.672919e-05	-8.468512e+01	
9.040000e+02	1.256825e+00	5.671608e-01	5.653889e+00	5.649325e+00	5.649242e+00	1.876046e-04	1.205537e-04	9.668135e-05	-8.468556e+01	
9.050000e+02	1.255063e+00	5.690540e-01	5.653888e+00	5.649331e+00	5.649248e+00	1.874176e-04	1.204597e-04	9.663296e-05	-8.468600e+01	
9.060000e+02	1.255934e+00	5.683144e-01	5.653887e+00	5.649337e+00	5.649254e+00	1.873927e-04	1.203644e-04	9.658581e-05	-8.468644e+01	
9.070000e+02	1.256542e+00	5.678372e-01	5.653887e+00	5.649343e+00	5.649261e+00	1.873520e-04	1.202699e-04	9.653882e-05	-8.468687e+01	
9.080000e+02	1.256973e+00	5.675362e-01	5.653886e+00	5.649349e+00	5.649267e+00	1.873008e-04	1.201761e-04	9.649200e-05	-8.468730e+01	
9.090000e+02	1.257284e+00	5.673538e-01	5.653885e+00	5.649355e+00	5.649273e+00	1.872428e-04	1.200830e-04	9.644539e-05	-8.468773e+01	
9.100000e+02	1.255855e+00	5.689112e-01	5.653885e+00	5.649360e+00	5.649279e+00	1.870785e-04	1.199917e-04	9.639836e-05	-8.468815e+01	
9.110000e+02	1.256584e+00	5.683094e-01	5.653884e+00	5.649366e+00	5.649285e+00	1.870471e-04	1.198995e-04	9.635240e-05	-8.468857e+01	
9.120000e+02	1.257094e+00	5.679260e-01	5.653883e+00	5.649372e+00	5.649292e+00	1.870026e-04	1.198079e-04	9.630659e-05	-8.468898e+01	
9.130000e+02	1.257458e+00	5.676886e-01	5.653883e+00	5.649378e+00	5.649298e+00	1.869495e-04	1.197171e-04	9.626097e-05	-8.468939e+01	
9.140000e+02	1.255721e+00	5.695500e-01	5.653882e+00	5.649383e+00	5.649304e+00	1.867681e-04	1.196284e-04	9.621479e-05	-8.468980e+01	
9.150000e+02	1.256590e+00	5.688059e-01	5.653882e+00	5.649389e+00	5.649310e+00	1.867469e-04	1.195383e-04	9.616984e-05	-8.469021e+01	
9.160000e+02	1.257191e+00	5.683289e-01	5.653881e+00	5.649395e+00	5.649316e+00	1.867097e-04	1.194490e-04	9.612503e-05	-8.469061e+01	
9.170000e+02	1.257613e+00	5.680299e-01	5.653881e+00	5.649401e+00	5.649322e+00	1.866618e-04	1.193603e-04	9.608038e-05	-8.469101e+01	
9.180000e+02	1.257916e+00	5.678495e-01	5.653880e+00	5.649406e+00	5.649328e+00	1.866071e-04	1.192723e-04	9.603592e-05	-8.469140e+01	
9.190000e+02	1.256561e+00	5.693262e-01	5.653880e+00	5.649412e+00	5.649334e+00	1.864513e-04	1.191861e-04	9.599107e-05	-8.469180e+01	
9.200000e+02	1.257264e+00	5.687447e-01	5.653879e+00	5.649417e+00	5.649340e+00	1.864219e-04	1.190989e-04	9.594723e-05	-8.469218e+01	
9.210000e+02	1.257752e+00	5.683772e-01	5.653879e+00	5.649423e+00	5.649346e+00	1.863798e-04	1.190123e-04	9.590353e-05	-8.469257e+01	
9.220000e+02	1.258097e+00	5.681518e-01	5.653878e+00	5.649429e+00	5.649352e+00	1.863292e-04	1.189264e-04	9.586001e-05	-8.469295e+01	
9.230000e+02	1.256500e+00	5.698675e-01	5.653878e+00	5.649434e+00	5.649358e+00	1.861603e-04	1.188425e-04	9.581599e-05	-8.469333e+01	
9.240000e+02	1.257314e+00	5.691716e-01	5.653878e+00	5.649440e+00	5.649363e+00	1.861393e-04	1.187574e-04	9.577311e-05	-8.469371e+01	
9.250000e+02	1.257874e+00	5.687295e-01	5.653877e+00	5.649445e+00	5.649369e+00	1.861031e-04	1.186729e-04	9.573035e-05	-8.469408e+01	
9.260000e+02	1.258265e+00	5.684551e-01	5.653877e+00	5.649451e+00	5.649375e+00	1.860569e-04	1.185890e-04	9.568775e-05	-8.469445e+01	
9.270000e+02	1.256410e+00	5.704262e-01	5.653876e+00	5.649456e+00	5.649381e+00	1.858738e-04	1.185074e-04	9.564453e-05	-8.469482e+01	
9.280000e+02	1.257345e+00	5.696075e-01	5.653876e+00	5.649461e+00	5.649386e+00	1.858617e-04	1.184242e-04	9.560259e-05	-8.469518e+01	
9.290000e+02	1.257982e+00	5.690851e-01	5.653876e+00	5.649467e+00	5.649392e+00	1.858318e-04	1.183417e-04	9.556075e-05	-8.469555e+01	
9.300000e+02	1.258423e+00	5.687584e-01	5.653875e+00	5.649472e+00	5.649398e+00	1.857901e-04	1.182598e-04	9.551906e-05	-8.469590e+01	
9.310000e+02	1.258734e+00	5.685610e-01	5.653875e+00	5.649478e+00	5.649404e+00	1.857410e-04	1.181785e-04	9.547753e-05	-8.469626e+01	
9.320000e+02	1.257359e+00	5.700487e-01	5.653875e+00	5.649483e+00	5.649409e+00	1.855892e-04	1.180990e-04	9.543559e-05	-8.469661e+01	
9.330000e+02	1.258078e+00	5.694418e-01	5.653875e+00	5.649488e+00	5.649415e+00	1.855657e-04	1.180184e-04	9.539465e-05	-8.469696e+01	
9.340000e+02	1.258571e+00	5.690605e-01	5.653874e+00	5.649494e+00	5.649420e+00	1.855287e-04	1.179385e-04	9.535384e-05	-8.469731e+01	
9.350000e+02	1.258915e+00	5.688275e-01	5.653874e+00	5.649499e+00	5.649426e+00	1.854830e-04	1.178591e-04	9.531319e-05	-8.469766e+01	
9.360000e+02	1.257362e+00	5.704917e-01	5.653874e+00	5.649504e+00	5.649432e+00	1.853218e-04	1.177817e-04	9.527204e-05	-8.469800e+01	
9.370000e+02	1.258165e+00	5.697975e-01	5.653873e+00	5.649509e+00	5.649437e+00	1.853048e-04	1.177030e-04	9.523198e-05	-8.469834e+01	
9.380000e+02	1.258712e+00	5.693597e-01	5.653873e+00	5.649515e+00	5.649443e+00	1.852726e-04	1.176249e-04	9.519204e-05	-8.469868e+01	
9.390000e+02	1.259090e+00	5.690902e-01	5.653873e+00	5.649520e+00	5.649448e+00	1.852303e-04	1.175474e-04	9.515225e-05	-8.469901e+01	
9.400000e+02	1.257356e+00	5.709321e-01	5.653873e+00	5.649525e+00	5.649454e+00	1.850595e-04	1.174720e-04	9.511186e-05	-8.469935e+01	
9.410000e+02	1.258247e+00	5.701489e-01	5.653873e+00	5.649530e+00	5.649459e+00	1.850493e-04	1.173950e-04	9.507267e-05	-8.469968e+01	
9.420000e+02	1.258848e+00	5.696542e-01	5.653872e+00	5.649535e+00	5.649464e+00	1.850217e-04	1.173187e-04	9.503358e-05	-8.470000e+01	
9.430000e+02	1.259260e+00	5.693478e-01	5.653872e+00	5.649540e+00	5.649470e+00	1.849829e-04	1.172430e-04	9.499462e-05	-8.470033e+01	
9.440000e+02	1.257348e+00	5.713654e-01	5.653872e+00	5.649545e+00	5.649475e+00	1.848026e-04	1.171695e-04	9.495498e-05	-8.470065e+01	
9.450000e+02	1.258325e+00	5.704935e-01	5.653872e+00	5.649551e+00	5.649481e+00	1.847990e-04	1.170943e-04	9.491664e-05	-8.470097e+01	
9.460000e+02	1.258980e+00	5.699421e-01	5.653872e+00	5.649556e+00	5.649486e+00	1.847760e-04	1.170198e-04	9.487837e-05	-8.470129e+01	
9.470000e+02	1.259426e+00	5.695994e-01	5.653872e+00	5.649561e+00	5.649491e+00	1.847406e-04	1.169459e-04	9.484023e-05	-8.470160e+01	
9.480000e+02	1.259736e+00	5.693930e-01	5.653871e+00	5.649566e+00	5.649497e+00	1.846972e-04	1.168725e-04	9.480223e-05	-8.470192e+01	
9.490000e+02	1.258403e+00	5.708278e-01	5.653871e+00	5.649571e+00	5.649502e+00	1.845540e-04	1.168007e-04	9.476381e-05	-8.470223e+01	
9.500000e+02	1.259112e+00	5.702213e-01	5.653871e+00	5.649576e+00	5.649507e+00	1.845355e-04	1.167279e-04	9.472636e-05	-8.470254e+01	
9.510000e+02	1.259591e+00	5.698435e-01	5.653871e+00	5.649581e+00	5.649512e+00	1.845033e-04	1.166557e-04	9.468902e-05	-8.470284e+01	
9.520000e+02	1.259920e+00	5.696147e-01	5.653871e+00	5.649586e+00	5.649517e+00	1.844624e-04	1.165840e-04	9.465181e-05	-8.470315e+01	
9.530000e+02	1.258486e+00	5.711488e-01	5.653871e+00	5.649591e+00	5.649523e+00	1.843144e-04	1.165140e-04	9.461413e-05	-8.470345e+01	
9.540000e+02	1.259244e+00	5.704900e-01	5.653871e+00	5.649595e+00	5.649528e+00	1.843002e-04	1.164428e-04	9.457748e-05	-8.470375e+01	
9.550000e+02	1.259754e+00	5.700792e-01	5.653871e+00	5.649600e+00	5.649533e+00	1.842711e-04	1.163722e-04	9.454091e-05	-8.470405e+01	
9.560000e+02	1.260102e+00	5.698293e-01	5.653871e+00	5.649605e+00	5.649538e+00	1.842325e-04	1.163021e-04	9.450448e-05	-8.470434e+01	
9.570000e+02	1.258575e+00	5.714536e-01	5.653871e+00	5.649610e+00	5.649543e+00	1.840801e-04	1.162339e-04	9.446753e-05	-8.470463e+01	
9.580000e+02	1.259380e+00	5.707463e-01	5.653871e+00	5.649615e+00	5.649548e+00	1.840699e-04	1.161643e-04	9.443164e-05	-8.470493e+01	
9.590000e+02	1.259917e+00	5.703052e-01	5.653871e+00	5.649620e+00	5.649553e+00	1.840438e-04	1.160953e-04	9.439585e-05	-8.470521e+01	
9.600000e+02	1.260282e+00	5.700360e-01	5.653871e+00	5.649625e+00	5.649558e+00	1.840074e-04	1.160269e-04	9.436017e-05	-8.470550e+01	
9.610000e+02	1.258675e+00	5.717391e-01	5.653871e+00	5.649629e+00	5.649563e+00	1.838513e-04	1.159603e-04	9.432393e-05	-8.470579e+01	
9.620000e+02	1.259520e+00	5.709886e-01	5.653871e+00	5.649634e+00	5.649569e+00	1.838448e-04	1.158922e-04	9.428880e-05	-8.470607e+01	
9.630000e+02	1.260082e+00	5.705205e-01	5.653871e+00	5.649639e+00	5.649574e+00	1.838213e-04	1.158248e-04	9.425375e-05	-8.470635e+01	
9.640000e+02	1.260462e+00	5.702344e-01	5.653871e+00	5.649644e+00	5.649578e+00	1.837869e-04	1.157579e-04	9.421881e-05	-8.470663e+01	
9.650000e+02	1.258787e+00	5.720032e-01	5.653871e+00	5.649648e+00	5.649583e+00	1.836280e-04	1.156929e-04	9.418327e-05	-8.470691e+01	
9.660000e+02	1.259667e+00	5.712154e-01	5.653871e+00	5.649653e+00	5.649588e+00	1.836246e-04	1.156264e-04	9.414888e-05	-8.470718e+01	
9.670000e+02	1.260250e+00	5.707244e-01	5.653871e+00	5.649658e+00	5.649593e+00	1.836036e-04	1.155605e-04	9.411456e-05	-8.470746e+01	
9.680000e+02	1.260642e+00	5.704238e-01	5.653871e+00	5.649662e+00	5.649598e+00	1.835711e-04	1.154951e-04	9.408034e-05	-8.470773e+01	
9.690000e+02	1.258913e+00	5.722440e-01	5.653871e+00	5.649667e+00	5.649603e+00	1.834100e-04	1.154317e-04	9.404550e-05	-8.470800e+01	
9.700000e+02	1.259822e+00	5.714259e-01	5.653871e+00	5.649672e+00	5.649608e+00	1.834095e-04	1.153666e-04	9.401183e-05	-8.470827e+01	
9.710000e+02	1.260422e+00	5.709161e-01	5.653871e+00	5.649676e+00	5.649613e+00	1.833905e-04	1.153022e-04	9.397822e-05	-8.470853e+01	
9.720000e+02	1.260823e+00	5.706041e-01	5.653871e+00	5.649681e+00	5.649618e+00	1.833597e-04	1.152383e-04	9.394470e-05	-8.470880e+01	
9.730000e+02	1.259056e+00	5.724605e-01	5.653871e+00	5.649685e+00	5.649622e+00	1.831974e-04	1.151763e-04	9.391054e-05	-8.470906e+01	
9.740000e+02	1.259985e+00	5.716191e-01	5.653871e+00	5.649690e+00	5.649627e+00	1.831993e-04	1.151127e-04	9.387757e-05	-8.470932e+01	
9.750000e+02	1.260597e+00	5.710954e-01	5.653871e+00	5.649695e+00	5.649632e+00	1.831820e-04	1.150497e-04	9.384465e-05	-8.470958e+01	
9.760000e+02	1.261005e+00	5.707751e-01	5.653871e+00	5.649699e+00	5.649637e+00	1.831526e-04	1.149872e-04	9.381183e-05	-8.470984e+01	
9.770000e+02	1.259215e+00	5.726513e-01	5.653872e+00	5.649704e+00	5.649642e+00	1.829902e-04	1.149267e-04	9.377834e-05	-8.471009e+01	
9.780000e+02	1.260158e+00	5.717946e-01	5.653872e+00	5.649708e+00	5.649646e+00	1.829939e-04	1.148645e-04	9.374606e-05	-8.471035e+01	
9.790000e+02	1.260777e+00	5.712622e-01	5.653872e+00	5.649713e+00	5.649651e+00	1.829780e-04	1.148029e-04	9.371381e-05	-8.471060e+01	
9.800000e+02	1.261187e+00	5.709367e-01	5.653872e+00	5.649717e+00	5.649656e+00	1.829498e-04	1.147418e-04	9.368166e-05	-8.471085e+01	
9.810000e+02	1.259392e+00	5.728168e-01	5.653872e+00	5.649722e+00	5.649660e+00	1.827881e-04	1.146827e-04	9.364884e-05	-8.471110e+01	
9.820000e+02	1.260341e+00	5.719527e-01	5.653872e+00	5.649726e+00	5.649665e+00	1.827931e-04	1.146219e-04	9.361722e-05	-8.471134e+01	
9.830000e+02	1.260961e+00	5.714165e-01	5.653872e+00	5.649730e+00	5.649670e+00	1.827784e-04	1.145617e-04	9.358564e-05	-8.471159e+01	
9.840000e+02	1.261371e+00	5.710890e-01	5.653873e+00	5.649735e+00	5.649674e+00	1.827512e-04	1.145019e-04	9.355414e-05	-8.471183e+01	
9.850000e+02	1.259586e+00	5.729569e-01	5.653873e+00	5.649739e+00	5.649679e+00	1.825911e-04	1.144442e-04	9.352197e-05	-8.471208e+01	
9.860000e+02	1.260532e+00	5.720935e-01	5.653873e+00	5.649744e+00	5.649684e+00	1.825969e-04	1.143847e-04	9.349100e-05	-8.471232e+01	
9.870000e+02	1.261149e+00	5.715585e-01	5.653873e+00	5.649748e+00	5.649688e+00	1.825830e-04	1.143258e-04	9.346007e-05	-8.471256e+01	
9.880000e+02	1.261556e+00	5.712324e-01	5.653873e+00	5.649752e+00	5.649693e+00	1.825565e-04	1.142674e-04	9.342921e-05	-8.471280e+01	
9.890000e+02	1.259797e+00	5.730732e-01	5.653874e+00	5.649757e+00	5.649697e+00	1.823991e-04	1.142109e-04	9.339769e-05	-8.471303e+01	
9.900000e+02	1.260732e+00	5.722179e-01	5.653874e+00	5.649761e+00	5.649702e+00	1.824052e-04	1.141527e-04	9.336735e-05	-8.471327e+01	
9.910000e+02	1.261341e+00	5.716890e-01	5.653874e+00	5.649765e+00	5.649706e+00	1.823917e-04	1.140951e-04	9.333704e-05	-8.471350e+01	
9.920000e+02	1.261742e+00	5.713672e-01	5.653874e+00	5.649770e+00	5.649711e+00	1.823658e-04	1.140380e-04	9.330681e-05	-8.471373e+01	
9.930000e+02	1.260022e+00	5.731662e-01	5.653874e+00	5.649774e+00	5.649715e+00	1.822117e-04	1.139828e-04	9.327593e-05	-8.471396e+01	
9.940000e+02	1.260941e+00	5.723265e-01	5.653875e+00	5.649778e+00	5.649720e+00	1.822177e-04	1.139259e-04	9.324621e-05	-8.471419e+01	
9.950000e+02	1.261537e+00	5.718085e-01	5.653875e+00	5.649783e+00	5.649724e+00	1.822043e-04	1.138695e-04	9.321651e-05	-8.471442e+01	
9.960000e+02	1.261929e+00	5.714939e-01	5.653875e+00	5.649787e+00	5.649729e+00	1.821788e-04	1.138137e-04	9.318689e-05	-8.471464e+01	
9.970000e+02	1.260261e+00	5.732387e-01	5.653875e+00	5.649791e+00	5.649733e+00	1.820289e-04	1.137596e-04	9.315664e-05	-8.471487e+01	
9.980000e+02	1.261155e+00	5.724211e-01	5.653876e+00	5.649795e+00	5.649738e+00	1.820342e-04	1.137040e-04	9.312752e-05	-8.471509e+01	
9.990000e+02	1.261735e+00	5.719179e-01	5.653876e+00	5.649799e+00	5.649742e+00	1.820208e-04	1.136489e-04	9.309842e-05	-8.471531e+01	
1.000000e+03	1.262115e+00	5.716130e-01	5.653876e+00	5.649804e+00	5.649746e+00	1.819954e-04	1.135943e-04	9.306940e-05	-8.471554e+01	
